0,12	41.647916	-87.612653	1	33.33	0	0.00	0	0.00	0	0.00	0	0.00	1	33.33	0	0.00	1	33.33	3
0,15	41.647916	-87.552653	1	100.00	0	0.00	0	0.00	0	0.00	0	0.00	0	0.00	0	0.00	0	0.00	1
0,16	41.647916	-87.532653	0	0.00	0	0.00	0	0.00	0	0.00	0	0.00	1	100.00	0	0.00	0	0.00	1
1,11	41.667916	-87.632653	0	0.00	0	0.00	2	7.69	5	19.23	1	3.85	2	7.69	0	0.00	16	61.54	26
1,12	41.667916	-87.612653	0	0.00	0	0.00	0	0.00	0	0.00	1	100.00	0	0.00	0	0.00	0	0.00	1
1,15	41.667916	-87.552653	0	0.00	0	0.00	0	0.00	0	0.00	0	0.00	0	0.00	0	0.00	4	100.00	4
10,10	41.847916	-87.652653	2	11.76	0	0.00	0	0.00	8	47.06	1	5.88	0	0.00	0	0.00	6	35.29	17
10,11	41.847916	-87.632653	2	6.25	0	0.00	1	3.12	5	15.62	6	18.75	2	6.25	1	3.12	15	46.88	32
10,12	41.847916	-87.612653	1	6.67	0	0.00	0	0.00	2	13.33	2	13.33	0	0.00	0	0.00	10	66.67	15
10,6	41.847916	-87.732653	0	0.00	0	0.00	0	0.00	4	80.00	0	0.00	0	0.00	0	0.00	1	20.00	5
10,7	41.847916	-87.712653	4	20.00	0	0.00	0	0.00	2	10.00	2	10.00	0	0.00	0	0.00	12	60.00	20
10,8	41.847916	-87.692653	0	0.00	0	0.00	0	0.00	1	9.09	2	18.18	0	0.00	1	9.09	7	63.64	11
10,9	41.847916	-87.672653	2	22.22	0	0.00	0	0.00	0	0.00	4	44.44	0	0.00	0	0.00	3	33.33	9
11,10	41.867916	-87.652653	1	2.63	1	2.63	0	0.00	14	36.84	8	21.05	3	7.89	0	0.00	11	28.95	38
11,11	41.867916	-87.632653	6	4.08	4	2.72	3	2.04	17	11.56	46	31.29	6	4.08	6	4.08	59	40.14	147
11,12	41.867916	-87.612653	0	0.00	2	10.00	1	5.00	5	25.00	9	45.00	0	0.00	0	0.00	3	15.00	20
11,5	41.867916	-87.752653	1	25.00	0	0.00	0	0.00	0	0.00	1	25.00	0	0.00	0	0.00	2	50.00	4
11,6	41.867916	-87.732653	0	0.00	0	0.00	0	0.00	1	16.67	0	0.00	0	0.00	0	0.00	5	83.33	6
11,7	41.867916	-87.712653	0	0.00	0	0.00	0	0.00	2	33.33	2	33.33	0	0.00	0	0.00	2	33.33	6
11,8	41.867916	-87.692653	2	13.33	4	26.67	0	0.00	0	0.00	1	6.67	0	0.00	0	0.00	8	53.33	15
11,9	41.867916	-87.672653	0	0.00	0	0.00	0	0.00	0	0.00	2	28.57	0	0.00	0	0.00	5	71.43	7
12,10	41.887916	-87.652653	18	10.17	6	3.39	1	0.56	26	14.69	52	29.38	11	6.21	2	1.13	61	34.46	177
12,11	41.887916	-87.632653	65	11.84	15	2.73	14	2.55	44	8.01	195	35.52	31	5.65	20	3.64	165	30.05	549
12,12	41.887916	-87.612653	3	2.42	5	4.03	4	3.23	11	8.87	55	44.35	8	6.45	3	2.42	35	28.23	124
12,4	41.887916	-87.772653	1	33.33	0	0.00	0	0.00	0	0.00	1	33.33	0	0.00	0	0.00	1	33.33	3
12,5	41.887916	-87.752653	1	33.33	0	0.00	0	0.00	0	0.00	1	33.33	0	0.00	0	0.00	1	33.33	3
12,6	41.887916	-87.732653	0	0.00	0	0.00	0	0.00	1	12.50	1	12.50	1	12.50	0	0.00	5	62.50	8
12,7	41.887916	-87.712653	2	33.33	0	0.00	0	0.00	1	16.67	2	33.33	0	0.00	0	0.00	1	16.67	6
12,8	41.887916	-87.692653	3	4.55	2	3.03	0	0.00	17	25.76	8	12.12	1	1.52	0	0.00	35	53.03	66
12,9	41.887916	-87.672653	13	13.83	2	2.13	0	0.00	4	4.26	25	26.60	6	6.38	1	1.06	43	45.74	94
13,10	41.907916	-87.652653	6	7.41	0	0.00	0	0.00	9	11.11	24	29.63	3	3.70	0	0.00	39	48.15	81
13,11	41.907916	-87.632653	31	10.62	15	5.14	2	0.68	27	9.25	96	32.88	19	6.51	2	0.68	100	34.25	292
13,12	41.907916	-87.612653	0	0.00	7	12.96	0	0.00	6	11.11	10	18.52	4	7.41	4	7.41	23	42.59	54
13,2	41.907916	-87.812653	0	0.00	0	0.00	0	0.00	0	0.00	0	0.00	0	0.00	0	0.00	1	100.00	1
13,3	41.907916	-87.792653	0	0.00	0	0.00	0	0.00	1	100.00	0	0.00	0	0.00	0	0.00	0	0.00	1
13,4	41.907916	-87.772653	4	66.67	0	0.00	0	0.00	0	0.00	1	16.67	0	0.00	0	0.00	1	16.67	6
13,5	41.907916	-87.752653	1	7.14	0	0.00	1	7.14	5	35.71	2	14.29	0	0.00	0	0.00	5	35.71	14
13,6	41.907916	-87.732653	1	8.33	0	0.00	2	16.67	4	33.33	1	8.33	1	8.33	0	0.00	3	25.00	12
13,7	41.907916	-87.712653	0	0.00	0	0.00	0	0.00	1	20.00	3	60.00	0	0.00	0	0.00	1	20.00	5
13,8	41.907916	-87.692653	4	5.48	0	0.00	2	2.74	8	10.96	18	24.66	7	9.59	4	5.48	30	41.10	73
13,9	41.907916	-87.672653	26	15.57	2	1.20	1	0.60	16	9.58	47	28.14	17	10.18	1	0.60	57	34.13	167
14,10	41.927916	-87.652653	42	17.65	8	3.36	2	0.84	36	15.13	46	19.33	14	5.88	1	0.42	89	37.39	238
14,11	41.927916	-87.632653	7	10.61	4	6.06	1	1.52	5	7.58	19	28.79	8	12.12	0	0.00	22	33.33	66
14,2	41.927916	-87.812653	0	0.00	0	0.00	0	0.00	0	0.00	0	0.00	0	0.00	0	0.00	1	100.00	1
14,3	41.927916	-87.792653	1	4.55	0	0.00	1	4.55	2	9.09	3	13.64	0	0.00	0	0.00	15	68.18	22
14,4	41.927916	-87.772653	2	14.29	0	0.00	0	0.00	2	14.29	0	0.00	1	7.14	0	0.00	9	64.29	14
14,5	41.927916	-87.752653	9	37.50	1	4.17	0	0.00	1	4.17	3	12.50	0	0.00	0	0.00	10	41.67	24
14,6	41.927916	-87.732653	0	0.00	0	0.00	0	0.00	2	7.14	4	14.29	4	14.29	0	0.00	18	64.29	28
14,7	41.927916	-87.712653	3	13.04	2	8.70	0	0.00	2	8.70	6	26.09	1	4.35	0	0.00	9	39.13	23
14,8	41.927916	-87.692653	8	10.67	2	2.67	2	2.67	8	10.67	19	25.33	4	5.33	0	0.00	32	42.67	75
14,9	41.927916	-87.672653	8	12.12	3	4.55	1	1.52	10	15.15	19	28.79	2	3.03	0	0.00	23	34.85	66
15,1	41.947916	-87.832653	1	16.67	2	33.33	0	0.00	0	0.00	3	50.00	0	0.00	0	0.00	0	0.00	6
15,10	41.947916	-87.652653	42	23.46	21	11.73	2	1.12	14	7.82	19	10.61	8	4.47	2	1.12	71	39.66	179
15,11	41.947916	-87.632653	0	0.00	1	5.00	0	0.00	1	5.00	2	10.00	4	20.00	1	5.00	11	55.00	20
15,2	41.947916	-87.812653	3	21.43	3	21.43	0	0.00	1	7.14	2	14.29	1	7.14	0	0.00	4	28.57	14
15,3	41.947916	-87.792653	0	0.00	1	6.25	1	6.25	0	0.00	2	12.50	2	12.50	0	0.00	10	62.50	16
15,4	41.947916	-87.772653	3	15.00	3	15.00	0	0.00	2	10.00	3	15.00	1	5.00	0	0.00	8	40.00	20
15,5	41.947916	-87.752653	0	0.00	1	8.33	0	0.00	0	0.00	2	16.67	1	8.33	0	0.00	8	66.67	12
15,6	41.947916	-87.732653	0	0.00	2	6.25	0	0.00	7	21.88	4	12.50	4	12.50	0	0.00	15	46.88	32
15,7	41.947916	-87.712653	4	10.26	1	2.56	0	0.00	0	0.00	5	12.82	1	2.56	1	2.56	27	69.23	39
15,8	41.947916	-87.692653	2	5.00	1	2.50	0	0.00	7	17.50	12	30.00	1	2.50	0	0.00	17	42.50	40
15,9	41.947916	-87.672653	12	13.48	4	4.49	0	0.00	9	10.11	29	32.58	6	6.74	0	0.00	29	32.58	89
16,0	41.967916	-87.852653	0	0.00	0	0.00	0	0.00	0	0.00	0	0.00	0	0.00	0	0.00	1	100.00	1
16,1	41.967916	-87.832653	2	40.00	0	0.00	0	0.00	0	0.00	1	20.00	0	0.00	0	0.00	2	40.00	5
16,10	41.967916	-87.652653	5	8.33	5	8.33	1	1.67	6	10.00	12	20.00	3	5.00	1	1.67	27	45.00	60
16,3	41.967916	-87.792653	1	7.69	1	7.69	0	0.00	0	0.00	3	23.08	3	23.08	0	0.00	5	38.46	13
16,4	41.967916	-87.772653	3	20.00	5	33.33	0	0.00	1	6.67	1	6.67	3	20.00	0	0.00	2	13.33	15
16,5	41.967916	-87.752653	1	5.26	1	5.26	0	0.00	1	5.26	2	10.53	1	5.26	0	0.00	13	68.42	19
16,6	41.967916	-87.732653	1	4.00	4	16.00	0	0.00	2	8.00	3	12.00	0	0.00	1	4.00	14	56.00	25
16,7	41.967916	-87.712653	2	15.38	0	0.00	1	7.69	1	7.69	2	15.38	1	7.69	0	0.00	6	46.15	13
16,8	41.967916	-87.692653	6	14.29	4	9.52	0	0.00	6	14.29	1	2.38	3	7.14	0	0.00	22	52.38	42
16,9	41.967916	-87.672653	1	1.64	7	11.48	0	0.00	18	29.51	10	16.39	5	8.20	2	3.28	18	29.51	61
17,0	41.987916	-87.852653	0	0.00	0	0.00	0	0.00	1	20.00	2	40.00	1	20.00	0	0.00	1	20.00	5
17,1	41.987916	-87.832653	0	0.00	0	0.00	0	0.00	1	25.00	3	75.00	0	0.00	0	0.00	0	0.00	4
17,10	41.987916	-87.652653	2	4.65	5	11.63	1	2.33	2	4.65	12	27.91	5	11.63	0	0.00	16	37.21	43
17,2	41.987916	-87.812653	0	0.00	2	33.33	0	0.00	0	0.00	1	16.67	1	16.67	0	0.00	2	33.33	6
17,3	41.987916	-87.792653	0	0.00	0	0.00	1	6.25	2	12.50	2	12.50	2	12.50	0	0.00	9	56.25	16
17,4	41.987916	-87.772653	1	5.56	2	11.11	2	11.11	1	5.56	1	5.56	2	11.11	0	0.00	9	50.00	18
17,5	41.987916	-87.752653	0	0.00	2	66.67	0	0.00	0	0.00	0	0.00	0	0.00	0	0.00	1	33.33	3
17,6	41.987916	-87.732653	0	0.00	6	42.86	0	0.00	2	14.29	1	7.14	0	0.00	0	0.00	5	35.71	14
17,7	41.987916	-87.712653	1	5.26	5	26.32	0	0.00	1	5.26	1	5.26	2	10.53	0	0.00	9	47.37	19
17,8	41.987916	-87.692653	3	9.38	1	3.12	0	0.00	6	18.75	2	6.25	3	9.38	0	0.00	17	53.12	32
17,9	41.987916	-87.672653	1	2.63	6	15.79	0	0.00	4	10.53	6	15.79	3	7.89	0	0.00	18	47.37	38
18,10	42.007916	-87.652653	0	0.00	0	0.00	0	0.00	0	0.00	5	83.33	1	16.67	0	0.00	0	0.00	6
18,2	42.007916	-87.812653	0	0.00	1	11.11	0	0.00	0	0.00	2	22.22	1	11.11	0	0.00	5	55.56	9
18,3	42.007916	-87.792653	0	0.00	1	25.00	0	0.00	3	75.00	0	0.00	0	0.00	0	0.00	0	0.00	4
18,7	42.007916	-87.712653	0	0.00	0	0.00	0	0.00	0	0.00	5	41.67	2	16.67	0	0.00	5	41.67	12
18,8	42.007916	-87.692653	1	2.04	5	10.20	1	2.04	11	22.45	6	12.24	4	8.16	0	0.00	21	42.86	49
18,9	42.007916	-87.672653	3	11.54	1	3.85	0	0.00	3	11.54	7	26.92	0	0.00	0	0.00	12	46.15	26
19,7	42.027916	-87.712653	0	0.00	0	0.00	0	0.00	0	0.00	0	0.00	0	0.00	0	0.00	2	100.00	2
19,8	42.027916	-87.692653	0	0.00	0	0.00	0	0.00	0	0.00	0	0.00	0	0.00	0	0.00	1	100.00	1
19,9	42.027916	-87.672653	0	0.00	0	0.00	0	0.00	0	0.00	2	33.33	0	0.00	0	0.00	4	66.67	6
2,10	41.687916	-87.652653	0	0.00	0	0.00	0	0.00	0	0.00	0	0.00	1	50.00	0	0.00	1	50.00	2
2,11	41.687916	-87.632653	1	10.00	0	0.00	1	10.00	0	0.00	1	10.00	0	0.00	0	0.00	7	70.00	10
2,12	41.687916	-87.612653	1	25.00	0	0.00	0	0.00	1	25.00	0	0.00	0	0.00	0	0.00	2	50.00	4
2,13	41.687916	-87.592653	0	0.00	0	0.00	0	0.00	0	0.00	2	100.00	0	0.00	0	0.00	0	0.00	2
2,15	41.687916	-87.552653	0	0.00	0	0.00	0	0.00	0	0.00	0	0.00	0	0.00	0	0.00	1	100.00	1
2,16	41.687916	-87.532653	0	0.00	0	0.00	0	0.00	1	100.00	0	0.00	0	0.00	0	0.00	0	0.00	1
2,7	41.687916	-87.712653	0	0.00	1	16.67	0	0.00	2	33.33	0	0.00	0	0.00	0	0.00	3	50.00	6
2,8	41.687916	-87.692653	0	0.00	0	0.00	0	0.00	0	0.00	1	50.00	1	50.00	0	0.00	0	0.00	2
2,9	41.687916	-87.672653	0	0.00	0	0.00	0	0.00	0	0.00	4	36.36	0	0.00	0	0.00	7	63.64	11
3,10	41.707916	-87.652653	0	0.00	0	0.00	0	0.00	1	33.33	0	0.00	1	33.33	0	0.00	1	33.33	3
3,11	41.707916	-87.632653	2	28.57	0	0.00	0	0.00	2	28.57	1	14.29	0	0.00	0	0.00	2	28.57	7
3,12	41.707916	-87.612653	0	0.00	0	0.00	0	0.00	0	0.00	0	0.00	0	0.00	0	0.00	2	100.00	2
3,13	41.707916	-87.592653	0	0.00	0	0.00	0	0.00	0	0.00	0	0.00	0	0.00	0	0.00	1	100.00	1
3,15	41.707916	-87.552653	0	0.00	0	0.00	0	0.00	1	50.00	0	0.00	0	0.00	0	0.00	1	50.00	2
3,16	41.707916	-87.532653	2	33.33	0	0.00	0	0.00	1	16.67	0	0.00	0	0.00	0	0.00	3	50.00	6
3,7	41.707916	-87.712653	0	0.00	1	100.00	0	0.00	0	0.00	0	0.00	0	0.00	0	0.00	0	0.00	1
3,8	41.707916	-87.692653	0	0.00	0	0.00	0	0.00	1	50.00	1	50.00	0	0.00	0	0.00	0	0.00	2
3,9	41.707916	-87.672653	0	0.00	0	0.00	0	0.00	2	25.00	3	37.50	1	12.50	0	0.00	2	25.00	8
4,10	41.727916	-87.652653	2	11.76	0	0.00	2	11.76	1	5.88	1	5.88	3	17.65	0	0.00	8	47.06	17
4,11	41.727916	-87.632653	0	0.00	0	0.00	0	0.00	1	25.00	0	0.00	0	0.00	0	0.00	3	75.00	4
4,12	41.727916	-87.612653	1	20.00	0	0.00	0	0.00	1	20.00	0	0.00	0	0.00	0	0.00	3	60.00	5
4,13	41.727916	-87.592653	1	6.25	0	0.00	2	12.50	4	25.00	2	12.50	0	0.00	0	0.00	7	43.75	16
4,14	41.727916	-87.572653	0	0.00	0	0.00	0	0.00	1	8.33	1	8.33	1	8.33	0	0.00	9	75.00	12
4,15	41.727916	-87.552653	0	0.00	0	0.00	0	0.00	1	25.00	2	50.00	0	0.00	0	0.00	1	25.00	4
4,16	41.727916	-87.532653	0	0.00	0	0.00	0	0.00	2	50.00	0	0.00	0	0.00	0	0.00	2	50.00	4
4,6	41.727916	-87.732653	0	0.00	0	0.00	0	0.00	0	0.00	0	0.00	0	0.00	0	0.00	2	100.00	2
4,7	41.727916	-87.712653	0	0.00	0	0.00	0	0.00	0	0.00	0	0.00	0	0.00	0	0.00	1	100.00	1
4,8	41.727916	-87.692653	0	0.00	0	0.00	0	0.00	1	100.00	0	0.00	0	0.00	0	0.00	0	0.00	1
4,9	41.727916	-87.672653	2	20.00	1	10.00	0	0.00	1	10.00	1	10.00	1	10.00	0	0.00	4	40.00	10
5,10	41.747916	-87.652653	0	0.00	1	11.11	0	0.00	1	11.11	4	44.44	0	0.00	0	0.00	3	33.33	9
5,11	41.747916	-87.632653	2	16.67	0	0.00	1	8.33	3	25.00	4	33.33	0	0.00	0	0.00	2	16.67	12
5,12	41.747916	-87.612653	1	16.67	0	0.00	0	0.00	2	33.33	0	0.00	0	0.00	0	0.00	3	50.00	6
5,13	41.747916	-87.592653	1	12.50	0	0.00	0	0.00	1	12.50	2	25.00	1	12.50	0	0.00	3	37.50	8
5,14	41.747916	-87.572653	0	0.00	1	16.67	1	16.67	0	0.00	2	33.33	0	0.00	0	0.00	2	33.33	6
5,15	41.747916	-87.552653	0	0.00	0	0.00	0	0.00	1	25.00	0	0.00	0	0.00	0	0.00	3	75.00	4
5,6	41.747916	-87.732653	0	0.00	0	0.00	0	0.00	1	20.00	0	0.00	0	0.00	0	0.00	4	80.00	5
5,7	41.747916	-87.712653	0	0.00	1	33.33	0	0.00	1	33.33	0	0.00	0	0.00	0	0.00	1	33.33	3
5,8	41.747916	-87.692653	1	50.00	0	0.00	0	0.00	0	0.00	0	0.00	1	50.00	0	0.00	0	0.00	2
5,9	41.747916	-87.672653	0	0.00	0	0.00	0	0.00	2	50.00	1	25.00	0	0.00	0	0.00	1	25.00	4
6,10	41.767916	-87.652653	1	14.29	0	0.00	0	0.00	3	42.86	0	0.00	1	14.29	0	0.00	2	28.57	7
6,11	41.767916	-87.632653	4	44.44	0	0.00	0	0.00	1	11.11	1	11.11	0	0.00	0	0.00	3	33.33	9
6,12	41.767916	-87.612653	1	16.67	1	16.67	0	0.00	2	33.33	1	16.67	0	0.00	0	0.00	1	16.67	6
6,13	41.767916	-87.592653	2	18.18	0	0.00	0	0.00	2	18.18	2	18.18	0	0.00	0	0.00	5	45.45	11
6,14	41.767916	-87.572653	3	16.67	2	11.11	1	5.56	0	0.00	2	11.11	1	5.56	0	0.00	9	50.00	18
6,15	41.767916	-87.552653	0	0.00	0	0.00	0	0.00	2	40.00	1	20.00	0	0.00	0	0.00	2	40.00	5
6,3	41.767916	-87.792653	0	0.00	2	50.00	0	0.00	0	0.00	2	50.00	0	0.00	0	0.00	0	0.00	4
6,4	41.767916	-87.772653	0	0.00	1	10.00	0	0.00	2	20.00	0	0.00	1	10.00	0	0.00	6	60.00	10
6,5	41.767916	-87.752653	0	0.00	0	0.00	0	0.00	0	0.00	1	50.00	0	0.00	0	0.00	1	50.00	2
6,6	41.767916	-87.732653	0	0.00	0	0.00	0	0.00	1	25.00	0	0.00	1	25.00	0	0.00	2	50.00	4
6,7	41.767916	-87.712653	1	9.09	0	0.00	0	0.00	1	9.09	0	0.00	0	0.00	0	0.00	9	81.82	11
6,8	41.767916	-87.692653	0	0.00	0	0.00	0	0.00	0	0.00	0	0.00	0	0.00	0	0.00	5	100.00	5
6,9	41.767916	-87.672653	0	0.00	0	0.00	1	33.33	0	0.00	0	0.00	0	0.00	0	0.00	2	66.67	3
7,10	41.787916	-87.652653	0	0.00	0	0.00	0	0.00	1	50.00	0	0.00	0	0.00	0	0.00	1	50.00	2
7,11	41.787916	-87.632653	0	0.00	0	0.00	0	0.00	0	0.00	3	60.00	0	0.00	0	0.00	2	40.00	5
7,12	41.787916	-87.612653	0	0.00	1	8.33	0	0.00	2	16.67	4	33.33	1	8.33	0	0.00	4	33.33	12
7,13	41.787916	-87.592653	0	0.00	7	15.91	0	0.00	4	9.09	8	18.18	2	4.55	0	0.00	23	52.27	44
7,14	41.787916	-87.572653	0	0.00	0	0.00	0	0.00	0	0.00	0	0.00	0	0.00	0	0.00	1	100.00	1
7,3	41.787916	-87.792653	0	0.00	4	57.14	0	0.00	0	0.00	1	14.29	0	0.00	0	0.00	2	28.57	7
7,4	41.787916	-87.772653	0	0.00	4	30.77	0	0.00	2	15.38	0	0.00	0	0.00	0	0.00	7	53.85	13
7,5	41.787916	-87.752653	0	0.00	0	0.00	0	0.00	0	0.00	1	100.00	0	0.00	0	0.00	0	0.00	1
7,6	41.787916	-87.732653	1	16.67	0	0.00	0	0.00	3	50.00	0	0.00	0	0.00	0	0.00	2	33.33	6
7,7	41.787916	-87.712653	1	6.67	4	26.67	0	0.00	4	26.67	0	0.00	2	13.33	0	0.00	4	26.67	15
7,8	41.787916	-87.692653	1	25.00	0	0.00	0	0.00	0	0.00	0	0.00	1	25.00	0	0.00	2	50.00	4
7,9	41.787916	-87.672653	0	0.00	0	0.00	0	0.00	8	80.00	0	0.00	0	0.00	0	0.00	2	20.00	10
8,10	41.807916	-87.652653	4	19.05	0	0.00	0	0.00	13	61.90	1	4.76	0	0.00	0	0.00	3	14.29	21
8,11	41.807916	-87.632653	1	2.70	0	0.00	4	10.81	14	37.84	2	5.41	1	2.70	1	2.70	14	37.84	37
8,12	41.807916	-87.612653	1	11.11	1	11.11	0	0.00	1	11.11	3	33.33	0	0.00	0	0.00	3	33.33	9
8,13	41.807916	-87.592653	0	0.00	0	0.00	0	0.00	1	5.56	6	33.33	5	27.78	1	5.56	5	27.78	18
8,3	41.807916	-87.792653	0	0.00	0	0.00	0	0.00	1	50.00	0	0.00	0	0.00	0	0.00	1	50.00	2
8,4	41.807916	-87.772653	0	0.00	0	0.00	0	0.00	0	0.00	0	0.00	0	0.00	0	0.00	1	100.00	1
8,5	41.807916	-87.752653	1	33.33	0	0.00	0	0.00	0	0.00	0	0.00	0	0.00	0	0.00	2	66.67	3
8,6	41.807916	-87.732653	1	12.50	0	0.00	0	0.00	2	25.00	1	12.50	0	0.00	0	0.00	4	50.00	8
8,7	41.807916	-87.712653	0	0.00	0	0.00	0	0.00	4	66.67	0	0.00	0	0.00	0	0.00	2	33.33	6
8,8	41.807916	-87.692653	1	50.00	1	50.00	0	0.00	0	0.00	0	0.00	0	0.00	0	0.00	0	0.00	2
8,9	41.807916	-87.672653	2	6.45	0	0.00	1	3.23	17	54.84	3	9.68	1	3.23	0	0.00	7	22.58	31
9,10	41.827916	-87.652653	0	0.00	2	2.78	1	1.39	13	18.06	19	26.39	9	12.50	1	1.39	27	37.50	72
9,11	41.827916	-87.632653	0	0.00	0	0.00	0	0.00	5	45.45	1	9.09	1	9.09	0	0.00	4	36.36	11
9,12	41.827916	-87.612653	0	0.00	1	7.14	0	0.00	1	7.14	5	35.71	1	7.14	0	0.00	6	42.86	14
9,6	41.827916	-87.732653	0	0.00	0	0.00	0	0.00	0	0.00	0	0.00	0	0.00	0	0.00	1	100.00	1
9,7	41.827916	-87.712653	3	18.75	0	0.00	0	0.00	5	31.25	2	12.50	0	0.00	0	0.00	6	37.50	16
9,8	41.827916	-87.692653	3	25.00	0	0.00	2	16.67	4	33.33	1	8.33	1	8.33	0	0.00	1	8.33	12
9,9	41.827916	-87.672653	4	25.00	0	0.00	2	12.50	1	6.25	2	12.50	0	0.00	0	0.00	7	43.75	16
